      AEWM1 = 1.279000D+02
      MDL_GF = 1.166370D-05
      AS = 1.184000D-01
      MDL_YMB = 4.700000D+00
      MDL_YMT = 1.720000D+02
      MDL_YMTAU = 1.777000D+00
      MDL_XI = 1.000000D-01
      MDL_GRHOPWZ = -5.100000D-03
      MDL_GRHOPWH = 1.400000D+02
      MDL_GRHOPUD = -2.200000D-01
      MDL_GRHOPTB = 1.000000D-01
      MDL_GRHOPT23LBL = 1.000000D-01
      MDL_GRHOPX23LBL = 1.000000D-01
      MDL_GRHOPX53LX23L = 1.000000D-01
      MDL_GRHOPX53RX23R = 1.000000D-01
      MDL_GRHOPX53LTL = 1.000000D-01
      MDL_GRHOPX53RTR = 1.000000D-01
      MDL_GRHOPX53LT23L = 1.000000D-01
      MDL_GRHOPX53RT23R = 1.000000D-01
      MDL_GRHOPT23LB13L = 1.000000D-01
      MDL_GRHOPT23RB13R = 1.000000D-01
      MDL_GRHOPTLB13L = 1.000000D-01
      MDL_GRHOPTRB13R = 1.000000D-01
      MDL_GRHOPX23LB13L = 1.000000D-01
      MDL_GRHOPX23RB13R = 1.000000D-01
      MDL_GRHO0WW = 4.400000D-03
      MDL_GRHO0ZH = -1.600000D+02
      MDL_GRHO0FFL = 2.200000D-01
      MDL_GRHO0FFY = 1.300000D-03
      MDL_GRHO0TTL = 2.200000D-01
      MDL_GRHO0BBL = -2.300000D-01
      MDL_GRHO0TTR = 1.000000D-01
      MDL_GRHO0BBR = 1.000000D-01
      MDL_GRHO0X53LX53L = 1.000000D-01
      MDL_GRHO0X53RX53R = 1.000000D-01
      MDL_GRHO0X23LX23L = 1.000000D-01
      MDL_GRHO0X23RX23R = 1.000000D-01
      MDL_GRHO0X23LTL = 1.000000D-01
      MDL_GRHO0X23RTR = 1.000000D-01
      MDL_GRHO0X23LT23L = 1.000000D-01
      MDL_GRHO0X23RT23R = 1.000000D-01
      MDL_GRHO0T23LT23L = 1.000000D-01
      MDL_GRHO0T23RT23R = 1.000000D-01
      MDL_GRHO0T23LTL = 1.000000D-01
      MDL_GRHO0T23RTR = 1.000000D-01
      MDL_GRHO0B13LB13L = 1.000000D-01
      MDL_GRHO0B13RB13R = 1.000000D-01
      MDL_GRHOPRHOMZ = 5.500000D-01
      MDL_GRHOPWMRHO0 = -6.300000D-01
      MDL_GRHOPRHOMRHO0 = 1.000000D-01
      MDL_GHWW = 1.000000D+02
      MDL_GHZZ = 1.000000D+02
      MDL_GHHWW = 1.000000D-01
      MDL_GHHZZ = 1.000000D-01
      MDL_GWT23LBL = 1.000000D-01
      MDL_GWX23LBL = 1.000000D-01
      MDL_GWTLB13L = 1.000000D-01
      MDL_GWTRB13R = 1.000000D-01
      MDL_GWX53LTL = 1.000000D-01
      MDL_GWX53RTR = 1.000000D-01
      MDL_GZT23LTL = 1.000000D-01
      MDL_GZT23RTR = 1.000000D-01
      MDL_GZX23LTL = 1.000000D-01
      MDL_GZX23RTR = 1.000000D-01
      MDL_GHT23LTR = 1.000000D-01
      MDL_GHTLT23R = 1.000000D-01
      MDL_GHX23LTR = 1.000000D-01
      MDL_GHTLX23R = 1.000000D-01
      MDL_MZ = 9.118760D+01
      MDL_MTA = 1.777000D+00
      MDL_MT = 1.720000D+02
      MDL_MB = 4.700000D+00
      MDL_MH = 1.250000D+02
      MDL_MRHOP = 2.500000D+03
      MDL_MRHO0 = 1.800000D+03
      MDL_MT23 = 1.900000D+03
      MDL_MB13 = 6.000000D+02
      MDL_MX53 = 6.000000D+02
      MDL_MX23 = 6.000000D+02
      MDL_WZ = 2.495200D+00
      MDL_WW = 2.085000D+00
      MDL_WT = 1.508336D+00
      MDL_WH = 5.753088D-03
      MDL_WRHOP = 2.500000D+01
      MDL_WRHO0 = 1.000000D-03
      MDL_WT23 = 1.000000D-03
      MDL_WB13 = 1.000000D-03
      MDL_WX53 = 1.000000D-03
      MDL_WX23 = 1.000000D-03
